time_list_Minisat
[0.019968668619791668, 0.017276843388875324, 0.02159738540649414, 0.020660003026326496, 0.013640880584716797, 0.01861715316772461, 0.019302765528361004, 0.020265817642211914, 0.025919596354166668, 0.01994784673055013, 0.019808848698933918, 0.01828344662984212, 0.020611683527628582, 0.02127695083618164, 0.050031582514444985, 0.03658064206441244, 0.0219420591990153, 0.022917985916137695, 0.040962537129720054, 0.04687047004699707, 0.02781375249226888, 0.028413057327270508, 0.02560146649678548, 0.02697436014811198, 0.03196032842000326, 0.04396883646647135, 0.05975484848022461, 0.05820131301879883, 0.038890679677327476, 0.05604084332784017, 0.0549620787302653, 0.03158346811930338, 0.033459107081095375, 0.08490419387817383, 0.07775497436523438, 0.046711365381876625, 0.04410243034362793, 0.036416212717692055, 0.06452218691507976, 0.03250837326049805, 0.035939931869506836, 0.043575286865234375, 0.03874699274698893, 0.034753640492757164, 0.055617570877075195, 0.09950137138366699, 0.05367128054300944, 0.08833678563435872, 0.0754249890645345, 0.04137937227884928]
time_list_Minisat_parsing
[6.18582280476888, 6.24762749671936, 6.613734086354573, 6.959009408950806, 7.017778476079305, 7.877116759618123, 8.077791452407837, 7.733167727788289, 7.619523922602336, 7.856506745020549, 8.01550555229187, 8.22928229967753, 8.455118099848429, 8.772499799728394, 8.957227865854898, 9.201531569163004, 9.798877954483032, 9.747923533121744, 9.93309211730957, 10.354750315348307, 10.410126686096191, 10.871294339497885, 11.05309804280599, 11.297604401906332, 11.571293830871582, 11.76930054028829, 12.095229705174765, 12.524651527404785, 12.82437014579773, 12.995180209477743, 13.236575762430826, 13.622355620066324, 13.9390287399292, 14.231764634450277, 14.731335798899332, 14.932883580525717, 15.370499610900879, 15.564504782358805, 15.802982807159424, 16.318504333496094, 16.59972874323527, 16.97540012995402, 17.31626804669698, 18.526178518931072, 18.278530915578205, 18.546627124150593, 18.943530003229778, 19.300869862238567, 19.63277331988017, 19.91461435953776]

time_list_Glucose
[0.04221971829732259, 0.022863070170084637, 0.02379012107849121, 0.03490900993347168, 0.031249841054280598, 0.029069264729817707, 0.03525129954020182, 0.055350939432779946, 0.05518674850463867, 0.031600634256998696, 0.057845671971639, 0.04289476076761881, 0.11602210998535156, 0.09307662645975749, 0.062177578608194985, 0.04720632235209147, 0.04854663213094076, 0.05352314313252767, 0.05751498540242513, 0.042554378509521484, 0.04654526710510254, 0.034584760665893555, 0.0458683172861735, 0.05512770016988119, 0.05884059270222982, 0.05175407727559408, 0.09447232882181804, 0.05206521352132162, 0.06970842679341634, 0.037102301915486656, 0.22199289004007974, 0.04187854131062826, 0.04214048385620117, 0.04035393397013346, 0.09365185101826985, 0.06686854362487793, 0.12564508120218912, 0.08609708150227864, 0.10884896914164226, 0.08473292986551921, 0.06538248062133789, 0.05445408821105957, 0.11732800801595052, 0.06736501057942708, 0.09961668650309245, 0.08728480339050293, 0.09905600547790527, 0.08690667152404785, 0.1348573366800944, 0.1532285213470459]
time_list_Glucose_parsing
[6.195257107416789, 6.601150830586751, 6.7425070603688555, 7.135510603586833, 7.160525639851888, 7.0170072714487715, 7.267545620600383, 7.564031600952148, 9.523169040679932, 8.560102860132853, 8.92513624827067, 9.034509658813477, 9.27121114730835, 9.675785541534424, 10.074719429016113, 10.364951133728027, 10.427127043406168, 11.359946568806967, 10.84633207321167, 11.115267912546793, 11.186421553293863, 10.641216198603312, 11.029191891352335, 11.263508558273315, 11.541093428929647, 11.918410778045654, 12.25107510884603, 12.293847878774008, 12.871660629908243, 12.853611628214518, 13.532496929168701, 13.778112888336182, 13.741841634114584, 14.153886953989664, 14.596535444259644, 15.01526109377543, 15.243984778722128, 15.714796384175619, 15.963212172190348, 16.212155262629192, 16.496085166931152, 16.98214840888977, 17.265982786814373, 17.753284056981403, 18.048646529515583, 18.492735306421917, 18.768739938735962, 19.34881599744161, 19.802549839019775, 20.67343823115031]

time_list_Lingeling
[0.050882577896118164, 0.010317246119181315, 0.017285505930582683, 0.008639176686604818, 0.006971200307210286, 0.007979710896809896, 0.008310794830322266, 0.017943700154622395, 0.026928106943766277, 0.008310794830322266, 0.03199577331542969, 0.016953309377034504, 0.01595767339070638, 0.030545393625895183, 0.03484368324279785, 0.023623228073120117, 0.013295809427897135, 0.010305404663085938, 0.023289839426676433, 0.025610685348510742, 0.02527014414469401, 0.011301517486572266, 0.022215525309244793, 0.0653976599375407, 0.020601828893025715, 0.03834883371988932, 0.030571142832438152, 0.016973495483398438, 0.021912892659505207, 0.02030038833618164, 0.021607478459676106, 0.03557030359903971, 0.011638402938842773, 0.03523866335550944, 0.14020180702209473, 0.02293737729390462, 0.025225321451822918, 0.03376952807108561, 0.03134385744730631, 0.023975213368733723, 0.02592150370279948, 0.025587161382039387, 0.03664978345235189, 0.027253230412801106, 0.03849387168884277, 0.026974598566691082, 0.021129926045735676, 0.025936603546142578, 0.0256955623626709, 0.03803062438964844]
time_list_Lingeling_parsing
[8.052573998769125, 7.492090304692586, 7.013902187347412, 6.440417130788167, 6.248229344685872, 6.448326587677002, 7.572277784347534, 7.929110924402873, 7.784988880157471, 7.332317352294922, 7.481768846511841, 7.597853581110637, 7.882508913675944, 8.133890628814697, 8.299400091171265, 8.53530478477478, 9.389085531234741, 12.167960325876871, 9.34905457496643, 12.173809369405111, 10.875550508499146, 9.952784379323324, 10.257883310317993, 10.517693122227987, 10.697278181711832, 11.083210070927938, 11.22791846593221, 11.382225036621094, 11.869428316752115, 12.046074708302816, 12.274713277816772, 12.49530522028605, 12.792994976043701, 15.09119208653768, 13.670687675476074, 13.561950286229452, 14.226957559585571, 14.418164014816284, 14.623507420221964, 15.115713834762573, 15.50027060508728, 15.695740302403768, 16.068707863489788, 16.299583196640015, 16.723920742670696, 16.961994806925457, 17.408523559570312, 17.67761429150899, 18.140270233154297, 18.681851069132488]

time_list_Cadical
[0.7535789807637533, 1.8542925516764324, 1.6090319156646729, 0.22040907541910806, 1.62698761622111, 1.6214573383331299, 0.20891785621643066, 0.013962348302205404, 0.9748321374257406, 1.915682077407837, 1.879149595896403, 1.7604533831278484, 0.8705626328786215, 0.014962037404378256, 2.428412437438965, 2.092724561691284, 0.9497871398925781, 2.2476143836975098, 1.0212044715881348, 0.9889320532480875, 2.309012492497762, 1.0618069171905518, 1.1547959645589192, 2.523573875427246, 1.29436198870341, 1.251209815343221, 1.0435237884521484, 2.3836427529652915, 2.697854200998942, 1.2217591603597004, 2.648842732111613, 2.8644019762674966, 2.626591920852661, 2.8024237155914307, 2.791222095489502, 2.8578500747680664, 1.4474019209543865, 2.9894344011942544, 0.3830254872639974, 3.233007272084554, 1.5272714296976726, 3.262837807337443, 1.9812874794006348, 3.4460975329081216, 3.2816177209218345, 3.5601933002471924, 1.6002789338429768, 0.43454662958780926, 3.5397450923919678, 3.7590019702911377]
time_list_Cadical_parsing
[6.785667101542155, 8.389169216156006, 8.267305294672648, 7.125429630279541, 8.662511348724365, 8.592458645502726, 7.472963809967041, 7.454341173171997, 8.574168046315512, 9.667141199111938, 9.896948178609213, 9.980689764022827, 9.342766602834066, 8.83197315533956, 11.362818241119385, 11.311840852101644, 10.328012386957804, 11.813390175501505, 10.91205875078837, 11.094541867574057, 12.689468145370483, 11.70285153388977, 12.317274332046509, 13.818533420562744, 12.7639106909434, 13.045742988586426, 13.194148302078247, 14.850440899531046, 15.287921667098999, 14.084279775619507, 15.93131915728251, 16.341078122456867, 16.473512649536133, 17.06044928232829, 17.40767518679301, 18.389751593271892, 16.620119094848633, 18.656155983606975, 17.975090106328327, 20.43708864847819, 18.424623886744182, 20.576667149861652, 19.63131372133891, 21.69896658261617, 21.744679927825928, 22.346135139465332, 20.731204112370808, 20.06334312756856, 23.426064332326252, 24.169102748235066]