time_list_Minisat
[0.05284392833709717, 0.04202067852020264, 0.04053759574890137, 0.039292216300964355, 0.04138970375061035, 0.04039204120635986, 0.08616101741790771, 0.0418848991394043, 0.09138131141662598, 0.11861324310302734, 0.04627835750579834, 0.04587745666503906, 0.07903289794921875, 0.07182300090789795, 0.08676719665527344, 0.08070826530456543, 0.05272829532623291, 0.048261046409606934, 0.054997920989990234, 0.10090017318725586, 0.05312681198120117, 0.07204544544219971, 0.09186220169067383, 0.08164477348327637, 0.055267930030822754, 0.11924386024475098, 0.15017688274383545, 0.1255122423171997, 0.09827768802642822, 0.09908080101013184, 0.08136427402496338, 0.06220400333404541, 0.09855711460113525, 0.09755003452301025, 0.14711368083953857, 0.13597142696380615, 0.16178476810455322, 0.17192065715789795, 0.1155785322189331, 0.14244580268859863, 0.15110111236572266, 0.15387272834777832, 0.14605498313903809, 0.14459311962127686, 0.08136165142059326, 0.13348078727722168, 0.14580166339874268, 0.125931978225708, 0.1141197681427002, 0.167807936668396]
time_list_Minisat_parsing
[20.80499517917633, 21.504544496536255, 21.50638771057129, 21.88892102241516, 22.559592604637146, 22.87067186832428, 23.349103569984436, 23.705829620361328, 24.331899404525757, 24.680696606636047, 25.195679306983948, 25.563014268875122, 26.187222361564636, 26.817411065101624, 27.238421320915222, 27.5693496465683, 28.218124985694885, 28.623735308647156, 29.262971997261047, 30.197144746780396, 30.60425078868866, 30.787531971931458, 31.132343292236328, 32.44096755981445, 32.301817536354065, 33.17961943149567, 33.594491958618164, 33.87882459163666, 34.525399684906006, 35.78406894207001, 36.031532764434814, 36.43302845954895, 37.33236062526703, 37.78289997577667, 37.87682580947876, 37.74749493598938, 38.60807251930237, 39.237369656562805, 39.47516632080078, 40.37780225276947, 41.099082827568054, 42.18236315250397, 42.613030314445496, 44.511937737464905, 44.100974678993225, 44.41371500492096, 45.468660831451416, 46.054816365242004, 47.622607827186584, 48.215896129608154]

time_list_Glucose
[0.2314620018005371, 0.10069000720977783, 0.10750985145568848, 0.06067228317260742, 0.12577688694000244, 0.08527374267578125, 0.08425545692443848, 0.051712632179260254, 0.15939247608184814, 0.15860426425933838, 0.08508265018463135, 0.08748257160186768, 0.07578754425048828, 0.07093381881713867, 0.11728501319885254, 0.09579992294311523, 0.17494893074035645, 0.1482793092727661, 0.13206303119659424, 0.16465675830841064, 0.14711511135101318, 0.13570964336395264, 0.13021588325500488, 0.12099933624267578, 0.10917162895202637, 0.22030103206634521, 0.15862762928009033, 0.16763830184936523, 0.8096693754196167, 0.19873571395874023, 0.14445888996124268, 0.1599816083908081, 0.4698197841644287, 0.3747299909591675, 0.11873137950897217, 0.2238532304763794, 0.3874276876449585, 0.1325603723526001, 0.4292919635772705, 0.1707242727279663, 0.13641345500946045, 0.25023674964904785, 0.15852046012878418, 0.10253739356994629, 0.16180765628814697, 0.20546317100524902, 0.1751563549041748, 1.2376909255981445, 0.14594566822052002, 0.109824538230896]
time_list_Glucose_parsing
[22.207002878189087, 21.40132451057434, 22.15743899345398, 22.427316427230835, 22.851648807525635, 23.232197284698486, 23.562788486480713, 24.10535418987274, 24.765185475349426, 25.234724760055542, 25.5292249917984, 26.01830244064331, 26.612051606178284, 27.010101556777954, 27.391523718833923, 28.038220643997192, 28.584932565689087, 29.094473958015442, 29.799099683761597, 30.298274040222168, 30.635268092155457, 31.234899401664734, 31.985655426979065, 32.52243387699127, 32.87440204620361, 33.61592984199524, 34.302075147628784, 34.80467355251312, 36.00666272640228, 36.07291090488434, 38.3738774061203, 35.839406847953796, 36.66258728504181, 37.473496437072754, 37.5448397397995, 38.621376276016235, 39.51850080490112, 39.50576210021973, 40.66770958900452, 42.18462872505188, 41.93579649925232, 42.835890889167786, 43.9493750333786, 44.41349935531616, 45.18745970726013, 45.948858857154846, 45.88097834587097, 48.435683250427246, 46.9395637512207, 47.63895118236542]

time_list_Lingeling
[0.021545767784118652, 0.04037272930145264, 0.046839237213134766, 0.025949954986572266, 0.019947171211242676, 0.04766833782196045, 0.06083881855010986, 0.027414679527282715, 0.031018733978271484, 0.029026031494140625, 0.039597392082214355, 0.034986138343811035, 0.04763340950012207, 0.06445324420928955, 0.04455721378326416, 0.043898701667785645, 0.033873677253723145, 0.04732918739318848, 0.04011964797973633, 0.037400126457214355, 0.03789854049682617, 0.031418442726135254, 0.0728076696395874, 0.05285906791687012, 0.03390932083129883, 0.8652925491333008, 0.03569984436035156, 0.029061198234558105, 0.01785290241241455, 0.044379472732543945, 0.7053617238998413, 0.07633686065673828, 0.06199777126312256, 0.050748348236083984, 0.06233382225036621, 0.055402159690856934, 0.10499680042266846, 0.16819143295288086, 0.1727123260498047, 0.08508038520812988, 0.08730125427246094, 0.07254385948181152, 0.05837595462799072, 0.3281747102737427, 0.06487047672271729, 0.1638268232345581, 0.22528111934661865, 0.06674909591674805, 0.15706419944763184, 0.0893397331237793]
time_list_Lingeling_parsing
[21.582147121429443, 19.19780170917511, 19.553972125053406, 20.054200768470764, 20.364668488502502, 20.839100122451782, 21.297446846961975, 21.371744632720947, 21.989078879356384, 22.502095580101013, 22.89188539981842, 23.280872225761414, 23.665615916252136, 24.191044807434082, 24.7941335439682, 25.26246738433838, 25.610634922981262, 26.325820326805115, 26.665847897529602, 26.745537400245667, 27.408950090408325, 28.178103923797607, 28.56531250476837, 28.73297154903412, 29.82093095779419, 30.784445762634277, 30.47048568725586, 30.506319403648376, 31.43026638031006, 31.979732990264893, 33.14718973636627, 33.20491325855255, 33.939144134521484, 34.330307722091675, 34.32183384895325, 35.27025580406189, 35.8068265914917, 36.39484775066376, 36.31646716594696, 37.872246623039246, 38.30183923244476, 38.59347093105316, 38.540074706077576, 40.23530101776123, 41.11964702606201, 41.539851665496826, 42.06487858295441, 42.89146399497986, 43.12293553352356, 45.94734525680542]

time_list_Cadical
[4.3699376583099365, 3.795710802078247, 3.724033236503601, 3.8222967386245728, 3.8876441717147827, 0.03690516948699951, 4.1262747049331665, 0.034905433654785156, 2.1272616386413574, 1.9793400764465332, 4.392699599266052, 4.582150101661682, 2.1370675563812256, 4.609039902687073, 0.04089653491973877, 2.227315664291382, 2.5019707679748535, 2.2385343313217163, 4.852427124977112, 5.065847039222717, 2.425261616706848, 5.203388094902039, 6.414156794548035, 6.374134540557861, 0.048990726470947266, 5.967890620231628, 5.832879304885864, 5.833359718322754, 2.633336305618286, 6.107693195343018, 5.984830379486084, 6.207300901412964, 6.584136009216309, 6.540291666984558, 6.51277768611908, 6.909163117408752, 6.663679599761963, 6.884535789489746, 3.337385416030884, 7.152546525001526, 3.837547540664673, 7.6820021867752075, 7.615362644195557, 8.229807138442993, 8.5443115234375, 4.974258661270142, 8.321746587753296, 8.329493522644043, 8.734135866165161, 4.49430787563324]
time_list_Cadical_parsing
[26.416850447654724, 24.74191653728485, 24.860493898391724, 25.386505007743835, 26.058870911598206, 22.59527862071991, 26.909785270690918, 23.865549087524414, 25.942242741584778, 26.158692598342896, 29.23521625995636, 29.66537642478943, 27.71960461139679, 30.654168963432312, 26.765082359313965, 29.429136633872986, 30.04559588432312, 30.292140007019043, 34.801233768463135, 34.029075622558594, 32.036572217941284, 35.39038622379303, 37.31135368347168, 39.526214957237244, 32.02113211154938, 38.141239047050476, 39.11743628978729, 39.56570637226105, 37.2688250541687, 41.55558729171753, 43.036184430122375, 44.17826783657074, 45.307775020599365, 46.12364101409912, 47.852652192115784, 48.101423382759094, 49.04365622997284, 46.810961842536926, 44.30815827846527, 48.78331983089447, 46.2828768491745, 51.291232228279114, 52.252201080322266, 53.82526123523712, 55.2376446723938, 52.47149884700775, 53.78770887851715, 54.79515182971954, 55.98094987869263, 53.383800864219666]