time_list_Minisat
[0.11733591556549072, 0.23919665813446045, 0.2007385492324829, 0.16104066371917725, 0.2074214220046997, 0.7693207263946533, 0.38884103298187256, 0.29730308055877686, 1.30469810962677, 1.228937029838562]
time_list_Minisat_parsing
[58.29903447628021, 63.117167353630066, 71.63833200931549, 83.44851195812225, 95.75075685977936, 132.18415462970734, 131.59123611450195, 148.70837497711182, 230.19975364208221, 219.90324139595032]

time_list_Glucose
[0.21693432331085205, 0.29617488384246826, 0.2484673261642456, 0.6915830373764038, 0.8345283269882202, 1.31064772605896, 1.3200669288635254, 1.468678593635559, 4.062039375305176, 2.301562190055847]
time_list_Glucose_parsing
[55.83559775352478, 64.91041684150696, 73.0685533285141, 84.27990543842316, 115.24763190746307, 115.7072765827179, 136.12860214710236, 189.26941740512848, 269.66270661354065, 298.4966151714325]

time_list_Lingeling
[0.04430747032165527, 0.19995510578155518, 0.08901047706604004, 0.09084045886993408, 0.44151532649993896, 0.1259300708770752, 0.6754735708236694, 0.9226484298706055, 5.5940715074539185, 20.634308099746704]
time_list_Lingeling_parsing
[51.42154932022095, 59.80501997470856, 66.82774126529694, 76.8070160150528, 87.73390865325928, 98.33509075641632, 115.48103141784668, 136.51280212402344, 181.45797073841095, 328.2628355026245]

time_list_Cadical
[10.897546768188477, 14.59902548789978, 22.283593893051147, 35.388025879859924, 34.21070599555969, 39.990668177604675, 46.51689338684082, 49.84485185146332, 57.76504135131836, 169.05971503257751]
time_list_Cadical_parsing
[67.29831290245056, 80.30467927455902, 99.87427186965942, 142.45889508724213, 135.14764952659607, 160.48685348033905, 185.61990904808044, 205.33158564567566, 243.0360085964203, 502.8465806245804]



350
time_list_Minisat
[7.097261905670166]
time_list_Minisat_parsing
[485.65203404426575]

350
time_list_Glucose
[24.21786117553711]
time_list_Glucose_parsing
[498.8892277479172]

350
time_list_Lingeling
[51.232542395591736]
time_list_Lingeling_parsing
[386.4744931459427]